(kicad_pcb (version 20171130) (host pcbnew 5.1.9+dfsg1-1)

  (general
    (thickness 1.6)
    (drawings 40)
    (tracks 222)
    (zones 0)
    (modules 26)
    (nets 49)
  )

  (page A4)
  (layers
    (0 F.Cu signal)
    (31 B.Cu signal)
    (32 B.Adhes user)
    (33 F.Adhes user)
    (34 B.Paste user)
    (35 F.Paste user)
    (36 B.SilkS user)
    (37 F.SilkS user)
    (38 B.Mask user)
    (39 F.Mask user)
    (40 Dwgs.User user)
    (41 Cmts.User user)
    (42 Eco1.User user)
    (43 Eco2.User user)
    (44 Edge.Cuts user)
    (45 Margin user)
    (46 B.CrtYd user)
    (47 F.CrtYd user)
    (48 B.Fab user)
    (49 F.Fab user)
  )

  (setup
    (last_trace_width 0.2)
    (user_trace_width 0.2)
    (user_trace_width 0.5)
    (trace_clearance 0.2)
    (zone_clearance 0.508)
    (zone_45_only no)
    (trace_min 0.2)
    (via_size 0.8)
    (via_drill 0.4)
    (via_min_size 0.4)
    (via_min_drill 0.3)
    (uvia_size 0.3)
    (uvia_drill 0.1)
    (uvias_allowed no)
    (uvia_min_size 0.2)
    (uvia_min_drill 0.1)
    (edge_width 0.05)
    (segment_width 0.2)
    (pcb_text_width 0.3)
    (pcb_text_size 1.5 1.5)
    (mod_edge_width 0.12)
    (mod_text_size 1 1)
    (mod_text_width 0.15)
    (pad_size 6 6)
    (pad_drill 3)
    (pad_to_mask_clearance 0)
    (aux_axis_origin 0 0)
    (visible_elements FFFFFF7F)
    (pcbplotparams
      (layerselection 0x010fc_ffffffff)
      (usegerberextensions false)
      (usegerberattributes true)
      (usegerberadvancedattributes true)
      (creategerberjobfile true)
      (excludeedgelayer true)
      (linewidth 0.100000)
      (plotframeref false)
      (viasonmask false)
      (mode 1)
      (useauxorigin false)
      (hpglpennumber 1)
      (hpglpenspeed 20)
      (hpglpendiameter 15.000000)
      (psnegative false)
      (psa4output false)
      (plotreference true)
      (plotvalue true)
      (plotinvisibletext false)
      (padsonsilk false)
      (subtractmaskfromsilk false)
      (outputformat 1)
      (mirror false)
      (drillshape 1)
      (scaleselection 1)
      (outputdirectory ""))
  )

  (net 0 "")
  (net 1 VDD)
  (net 2 GND)
  (net 3 /UPDI)
  (net 4 "Net-(J2-Pad8)")
  (net 5 "Net-(J2-Pad7)")
  (net 6 "Net-(J2-Pad6)")
  (net 7 "Net-(J2-Pad5)")
  (net 8 /VIN)
  (net 9 /CANL)
  (net 10 /CANH)
  (net 11 "Net-(JP1-Pad2)")
  (net 12 /LED1)
  (net 13 "Net-(R2-Pad2)")
  (net 14 "Net-(R3-Pad2)")
  (net 15 /LED2)
  (net 16 /LED3)
  (net 17 "Net-(R4-Pad2)")
  (net 18 /LED4)
  (net 19 "Net-(R6-Pad2)")
  (net 20 "Net-(R7-Pad2)")
  (net 21 /LED5)
  (net 22 /LED6)
  (net 23 "Net-(R8-Pad2)")
  (net 24 /SW1)
  (net 25 "Net-(SW1-Pad3)")
  (net 26 "Net-(SW1-Pad2)")
  (net 27 "Net-(SW2-Pad2)")
  (net 28 "Net-(SW2-Pad3)")
  (net 29 /SW2)
  (net 30 /SW3)
  (net 31 "Net-(SW3-Pad3)")
  (net 32 "Net-(SW3-Pad2)")
  (net 33 "Net-(SW4-Pad2)")
  (net 34 "Net-(SW4-Pad3)")
  (net 35 /SW4)
  (net 36 /SW5)
  (net 37 "Net-(SW5-Pad3)")
  (net 38 "Net-(SW5-Pad2)")
  (net 39 "Net-(SW6-Pad2)")
  (net 40 "Net-(SW6-Pad3)")
  (net 41 /SW6)
  (net 42 /CAN_TX)
  (net 43 /CAN_RX)
  (net 44 "Net-(U3-Pad5)")
  (net 45 "Net-(U3-Pad8)")
  (net 46 "Net-(U2-Pad1)")
  (net 47 "Net-(U2-Pad2)")
  (net 48 "Net-(U2-Pad20)")

  (net_class Default "This is the default net class."
    (clearance 0.2)
    (trace_width 0.25)
    (via_dia 0.8)
    (via_drill 0.4)
    (uvia_dia 0.3)
    (uvia_drill 0.1)
    (add_net /CANH)
    (add_net /CANL)
    (add_net /CAN_RX)
    (add_net /CAN_TX)
    (add_net /LED1)
    (add_net /LED2)
    (add_net /LED3)
    (add_net /LED4)
    (add_net /LED5)
    (add_net /LED6)
    (add_net /SW1)
    (add_net /SW2)
    (add_net /SW3)
    (add_net /SW4)
    (add_net /SW5)
    (add_net /SW6)
    (add_net /UPDI)
    (add_net /VIN)
    (add_net GND)
    (add_net "Net-(J2-Pad5)")
    (add_net "Net-(J2-Pad6)")
    (add_net "Net-(J2-Pad7)")
    (add_net "Net-(J2-Pad8)")
    (add_net "Net-(JP1-Pad2)")
    (add_net "Net-(R2-Pad2)")
    (add_net "Net-(R3-Pad2)")
    (add_net "Net-(R4-Pad2)")
    (add_net "Net-(R6-Pad2)")
    (add_net "Net-(R7-Pad2)")
    (add_net "Net-(R8-Pad2)")
    (add_net "Net-(SW1-Pad2)")
    (add_net "Net-(SW1-Pad3)")
    (add_net "Net-(SW2-Pad2)")
    (add_net "Net-(SW2-Pad3)")
    (add_net "Net-(SW3-Pad2)")
    (add_net "Net-(SW3-Pad3)")
    (add_net "Net-(SW4-Pad2)")
    (add_net "Net-(SW4-Pad3)")
    (add_net "Net-(SW5-Pad2)")
    (add_net "Net-(SW5-Pad3)")
    (add_net "Net-(SW6-Pad2)")
    (add_net "Net-(SW6-Pad3)")
    (add_net "Net-(U2-Pad1)")
    (add_net "Net-(U2-Pad2)")
    (add_net "Net-(U2-Pad20)")
    (add_net "Net-(U3-Pad5)")
    (add_net "Net-(U3-Pad8)")
    (add_net VDD)
  )

  (module "LightSwitch:12x12x7.3  LED Pushbutton" (layer F.Cu) (tedit 6128C0B6) (tstamp 61291C1F)
    (at 212.5 75)
    (path /613C559C)
    (fp_text reference SW2 (at -3.9 -6.8) (layer F.SilkS)
      (effects (font (size 1 1) (thickness 0.15)))
    )
    (fp_text value Pushbutton_LED (at 0 -0.5) (layer F.Fab)
      (effects (font (size 1 1) (thickness 0.15)))
    )
    (fp_line (start -6 -6) (end -5 -6) (layer F.SilkS) (width 0.12))
    (fp_line (start -6 -5) (end -6 -6) (layer F.SilkS) (width 0.12))
    (fp_line (start 6 6) (end 5 6) (layer F.SilkS) (width 0.12))
    (fp_line (start 6 5) (end 6 6) (layer F.SilkS) (width 0.12))
    (fp_line (start -6 6) (end -6 5) (layer F.SilkS) (width 0.12))
    (fp_line (start -5 6) (end -6 6) (layer F.SilkS) (width 0.12))
    (fp_line (start 6 -6) (end 5 -6) (layer F.SilkS) (width 0.12))
    (fp_line (start 6 -6) (end 6 -5) (layer F.SilkS) (width 0.12))
    (fp_line (start -5.85 -5.85) (end 5.85 -5.85) (layer F.Fab) (width 0.12))
    (fp_line (start 5.85 -5.85) (end 5.85 5.85) (layer F.Fab) (width 0.12))
    (fp_line (start 5.85 5.85) (end -5.85 5.85) (layer F.Fab) (width 0.12))
    (fp_line (start -5.85 5.85) (end -5.85 -5.85) (layer F.Fab) (width 0.12))
    (pad 1 thru_hole rect (at -6.25 -2.5) (size 2.4 2.4) (drill 1.2) (layers *.Cu *.Mask)
      (net 2 GND))
    (pad 2 thru_hole circle (at 6.25 -2.5) (size 2.4 2.4) (drill 1.2) (layers *.Cu *.Mask)
      (net 27 "Net-(SW2-Pad2)"))
    (pad 3 thru_hole circle (at -6.25 2.5) (size 2.4 2.4) (drill 1.2) (layers *.Cu *.Mask)
      (net 28 "Net-(SW2-Pad3)"))
    (pad 4 thru_hole circle (at 6.25 2.5) (size 2.4 2.4) (drill 1.2) (layers *.Cu *.Mask)
      (net 29 /SW2))
    (pad 5 thru_hole circle (at 0 -6.5) (size 1.524 1.524) (drill 0.7) (layers *.Cu *.Mask)
      (net 2 GND))
    (pad 6 thru_hole circle (at 0 6.5) (size 1.524 1.524) (drill 0.7) (layers *.Cu *.Mask)
      (net 14 "Net-(R3-Pad2)"))
    (pad "" np_thru_hole circle (at 0 -4.5) (size 1.7 1.7) (drill 1.7) (layers *.Cu *.Mask))
    (pad "" np_thru_hole circle (at 0 4.5) (size 1.7 1.7) (drill 1.7) (layers *.Cu *.Mask))
  )

  (module "LightSwitch:12x12x7.3  LED Pushbutton" (layer F.Cu) (tedit 6128C0B6) (tstamp 6129DF2B)
    (at 212.5 100)
    (path /613D8995)
    (fp_text reference SW4 (at -3.9 -6.8) (layer F.SilkS)
      (effects (font (size 1 1) (thickness 0.15)))
    )
    (fp_text value Pushbutton_LED (at 0 -0.5) (layer F.Fab)
      (effects (font (size 1 1) (thickness 0.15)))
    )
    (fp_line (start -6 -6) (end -5 -6) (layer F.SilkS) (width 0.12))
    (fp_line (start -6 -5) (end -6 -6) (layer F.SilkS) (width 0.12))
    (fp_line (start 6 6) (end 5 6) (layer F.SilkS) (width 0.12))
    (fp_line (start 6 5) (end 6 6) (layer F.SilkS) (width 0.12))
    (fp_line (start -6 6) (end -6 5) (layer F.SilkS) (width 0.12))
    (fp_line (start -5 6) (end -6 6) (layer F.SilkS) (width 0.12))
    (fp_line (start 6 -6) (end 5 -6) (layer F.SilkS) (width 0.12))
    (fp_line (start 6 -6) (end 6 -5) (layer F.SilkS) (width 0.12))
    (fp_line (start -5.85 -5.85) (end 5.85 -5.85) (layer F.Fab) (width 0.12))
    (fp_line (start 5.85 -5.85) (end 5.85 5.85) (layer F.Fab) (width 0.12))
    (fp_line (start 5.85 5.85) (end -5.85 5.85) (layer F.Fab) (width 0.12))
    (fp_line (start -5.85 5.85) (end -5.85 -5.85) (layer F.Fab) (width 0.12))
    (pad 1 thru_hole rect (at -6.25 -2.5) (size 2.4 2.4) (drill 1.2) (layers *.Cu *.Mask)
      (net 2 GND))
    (pad 2 thru_hole circle (at 6.25 -2.5) (size 2.4 2.4) (drill 1.2) (layers *.Cu *.Mask)
      (net 33 "Net-(SW4-Pad2)"))
    (pad 3 thru_hole circle (at -6.25 2.5) (size 2.4 2.4) (drill 1.2) (layers *.Cu *.Mask)
      (net 34 "Net-(SW4-Pad3)"))
    (pad 4 thru_hole circle (at 6.25 2.5) (size 2.4 2.4) (drill 1.2) (layers *.Cu *.Mask)
      (net 35 /SW4))
    (pad 5 thru_hole circle (at 0 -6.5) (size 1.524 1.524) (drill 0.7) (layers *.Cu *.Mask)
      (net 2 GND))
    (pad 6 thru_hole circle (at 0 6.5) (size 1.524 1.524) (drill 0.7) (layers *.Cu *.Mask)
      (net 19 "Net-(R6-Pad2)"))
    (pad "" np_thru_hole circle (at 0 -4.5) (size 1.7 1.7) (drill 1.7) (layers *.Cu *.Mask))
    (pad "" np_thru_hole circle (at 0 4.5) (size 1.7 1.7) (drill 1.7) (layers *.Cu *.Mask))
  )

  (module MountingHole:MountingHole_3mm_Pad (layer F.Cu) (tedit 6129C628) (tstamp 6129B8B7)
    (at 184 112.5)
    (descr "Mounting Hole 3mm")
    (tags "mounting hole 3mm")
    (attr virtual)
    (fp_text reference REF** (at 0 -4) (layer F.SilkS) hide
      (effects (font (size 1 1) (thickness 0.15)))
    )
    (fp_text value MountingHole_3mm_Pad (at 0 4) (layer F.Fab)
      (effects (font (size 1 1) (thickness 0.15)))
    )
    (fp_circle (center 0 0) (end 3.25 0) (layer F.CrtYd) (width 0.05))
    (fp_circle (center 0 0) (end 3 0) (layer Cmts.User) (width 0.15))
    (fp_text user %R (at 0.3 0) (layer F.Fab)
      (effects (font (size 1 1) (thickness 0.15)))
    )
    (pad "" thru_hole circle (at 0 0) (size 6 6) (drill 3) (layers *.Cu *.Mask))
  )

  (module MountingHole:MountingHole_3mm_Pad (layer F.Cu) (tedit 6129C62F) (tstamp 6129B8A9)
    (at 216 112.5)
    (descr "Mounting Hole 3mm")
    (tags "mounting hole 3mm")
    (attr virtual)
    (fp_text reference REF** (at 0 -4) (layer F.SilkS) hide
      (effects (font (size 1 1) (thickness 0.15)))
    )
    (fp_text value MountingHole_3mm_Pad (at 0 4) (layer F.Fab)
      (effects (font (size 1 1) (thickness 0.15)))
    )
    (fp_text user %R (at 0.3 0) (layer F.Fab)
      (effects (font (size 1 1) (thickness 0.15)))
    )
    (fp_circle (center 0 0) (end 3 0) (layer Cmts.User) (width 0.15))
    (fp_circle (center 0 0) (end 3.25 0) (layer F.CrtYd) (width 0.05))
    (pad "" thru_hole circle (at 0 0) (size 6 6) (drill 3) (layers *.Cu *.Mask))
  )

  (module MountingHole:MountingHole_3mm_Pad (layer F.Cu) (tedit 6129C622) (tstamp 6129B89B)
    (at 216 87.5)
    (descr "Mounting Hole 3mm")
    (tags "mounting hole 3mm")
    (attr virtual)
    (fp_text reference REF** (at 0 -4) (layer F.SilkS) hide
      (effects (font (size 1 1) (thickness 0.15)))
    )
    (fp_text value MountingHole_3mm_Pad (at 0 4) (layer F.Fab)
      (effects (font (size 1 1) (thickness 0.15)))
    )
    (fp_circle (center 0 0) (end 3.25 0) (layer F.CrtYd) (width 0.05))
    (fp_circle (center 0 0) (end 3 0) (layer Cmts.User) (width 0.15))
    (fp_text user %R (at 0.3 0) (layer F.Fab)
      (effects (font (size 1 1) (thickness 0.15)))
    )
    (pad "" thru_hole circle (at 0 0) (size 6 6) (drill 3) (layers *.Cu *.Mask))
  )

  (module MountingHole:MountingHole_3mm_Pad (layer F.Cu) (tedit 6129C61B) (tstamp 6129B87D)
    (at 184 87.5)
    (descr "Mounting Hole 3mm")
    (tags "mounting hole 3mm")
    (attr virtual)
    (fp_text reference REF** (at 0 -4) (layer F.SilkS) hide
      (effects (font (size 1 1) (thickness 0.15)))
    )
    (fp_text value MountingHole_3mm_Pad (at 0 4) (layer F.Fab)
      (effects (font (size 1 1) (thickness 0.15)))
    )
    (fp_text user %R (at 0.3 0) (layer F.Fab)
      (effects (font (size 1 1) (thickness 0.15)))
    )
    (fp_circle (center 0 0) (end 3 0) (layer Cmts.User) (width 0.15))
    (fp_circle (center 0 0) (end 3.25 0) (layer F.CrtYd) (width 0.05))
    (pad "" thru_hole circle (at 0 0) (size 6 6) (drill 3) (layers *.Cu *.Mask))
  )

  (module Connector_RJ:RJ45_Amphenol_54602-x08_Horizontal (layer B.Cu) (tedit 5B103613) (tstamp 6129151D)
    (at 192 108 270)
    (descr "8 Pol Shallow Latch Connector, Modjack, RJ45 (https://cdn.amphenol-icc.com/media/wysiwyg/files/drawing/c-bmj-0102.pdf)")
    (tags RJ45)
    (path /612AED69)
    (fp_text reference J2 (at 5.25 2.5 90) (layer B.SilkS)
      (effects (font (size 1 1) (thickness 0.15)) (justify mirror))
    )
    (fp_text value RJ45 (at 5.25 -3.4 90) (layer B.Fab)
      (effects (font (size 1 1) (thickness 0.15)) (justify mirror))
    )
    (fp_text user %R (at 5.25 -1.5 90) (layer B.Fab)
      (effects (font (size 1 1) (thickness 0.15)) (justify mirror))
    )
    (fp_line (start -4 -0.5) (end -3.5 0) (layer B.SilkS) (width 0.12))
    (fp_line (start -4 0.5) (end -4 -0.5) (layer B.SilkS) (width 0.12))
    (fp_line (start -3.5 0) (end -4 0.5) (layer B.SilkS) (width 0.12))
    (fp_line (start -3.205 -13.97) (end -3.205 2.77) (layer B.Fab) (width 0.12))
    (fp_line (start 12.095 -13.97) (end -3.205 -13.97) (layer B.Fab) (width 0.12))
    (fp_line (start 12.095 3.77) (end 12.095 -13.97) (layer B.Fab) (width 0.12))
    (fp_line (start -2.205 3.77) (end 12.095 3.77) (layer B.Fab) (width 0.12))
    (fp_line (start -3.205 2.77) (end -2.205 3.77) (layer B.Fab) (width 0.12))
    (fp_line (start -3.315 -14.08) (end 12.205 -14.08) (layer B.SilkS) (width 0.12))
    (fp_line (start 12.205 3.88) (end 12.205 -14.08) (layer B.SilkS) (width 0.12))
    (fp_line (start 12.205 3.88) (end -3.315 3.88) (layer B.SilkS) (width 0.12))
    (fp_line (start -3.315 3.88) (end -3.315 -14.08) (layer B.SilkS) (width 0.12))
    (fp_line (start -3.71 4.27) (end 12.6 4.27) (layer B.CrtYd) (width 0.05))
    (fp_line (start -3.71 4.27) (end -3.71 -14.47) (layer B.CrtYd) (width 0.05))
    (fp_line (start 12.6 -14.47) (end 12.6 4.27) (layer B.CrtYd) (width 0.05))
    (fp_line (start 12.6 -14.47) (end -3.71 -14.47) (layer B.CrtYd) (width 0.05))
    (pad 8 thru_hole circle (at 8.89 2.54 270) (size 1.5 1.5) (drill 0.76) (layers *.Cu *.Mask)
      (net 4 "Net-(J2-Pad8)"))
    (pad 7 thru_hole circle (at 7.62 0 270) (size 1.5 1.5) (drill 0.76) (layers *.Cu *.Mask)
      (net 5 "Net-(J2-Pad7)"))
    (pad 6 thru_hole circle (at 6.35 2.54 270) (size 1.5 1.5) (drill 0.76) (layers *.Cu *.Mask)
      (net 6 "Net-(J2-Pad6)"))
    (pad 5 thru_hole circle (at 5.08 0 270) (size 1.5 1.5) (drill 0.76) (layers *.Cu *.Mask)
      (net 7 "Net-(J2-Pad5)"))
    (pad 4 thru_hole circle (at 3.81 2.54 270) (size 1.5 1.5) (drill 0.76) (layers *.Cu *.Mask)
      (net 8 /VIN))
    (pad 3 thru_hole circle (at 2.54 0 270) (size 1.5 1.5) (drill 0.76) (layers *.Cu *.Mask)
      (net 2 GND))
    (pad 2 thru_hole circle (at 1.27 2.54 270) (size 1.5 1.5) (drill 0.76) (layers *.Cu *.Mask)
      (net 9 /CANL))
    (pad 1 thru_hole rect (at 0 0 270) (size 1.5 1.5) (drill 0.76) (layers *.Cu *.Mask)
      (net 10 /CANH))
    (pad "" np_thru_hole circle (at -1.27 -6.35 270) (size 3.2 3.2) (drill 3.2) (layers *.Cu *.Mask))
    (pad "" np_thru_hole circle (at 10.16 -6.35 270) (size 3.2 3.2) (drill 3.2) (layers *.Cu *.Mask))
    (model ${KISYS3DMOD}/Connector_RJ.3dshapes/RJ45_Amphenol_54602-x08_Horizontal.wrl
      (at (xyz 0 0 0))
      (scale (xyz 1 1 1))
      (rotate (xyz 0 0 0))
    )
  )

  (module Connector_RJ:RJ45_Amphenol_54602-x08_Horizontal (layer B.Cu) (tedit 5B103613) (tstamp 61293D7D)
    (at 192 83 270)
    (descr "8 Pol Shallow Latch Connector, Modjack, RJ45 (https://cdn.amphenol-icc.com/media/wysiwyg/files/drawing/c-bmj-0102.pdf)")
    (tags RJ45)
    (path /612D52EF)
    (fp_text reference J3 (at 5.25 2.5 90) (layer B.SilkS)
      (effects (font (size 1 1) (thickness 0.15)) (justify mirror))
    )
    (fp_text value RJ45 (at 5.25 -3.4 90) (layer B.Fab)
      (effects (font (size 1 1) (thickness 0.15)) (justify mirror))
    )
    (fp_text user %R (at 5.25 -1.5 90) (layer B.Fab)
      (effects (font (size 1 1) (thickness 0.15)) (justify mirror))
    )
    (fp_line (start -4 -0.5) (end -3.5 0) (layer B.SilkS) (width 0.12))
    (fp_line (start -4 0.5) (end -4 -0.5) (layer B.SilkS) (width 0.12))
    (fp_line (start -3.5 0) (end -4 0.5) (layer B.SilkS) (width 0.12))
    (fp_line (start -3.205 -13.97) (end -3.205 2.77) (layer B.Fab) (width 0.12))
    (fp_line (start 12.095 -13.97) (end -3.205 -13.97) (layer B.Fab) (width 0.12))
    (fp_line (start 12.095 3.77) (end 12.095 -13.97) (layer B.Fab) (width 0.12))
    (fp_line (start -2.205 3.77) (end 12.095 3.77) (layer B.Fab) (width 0.12))
    (fp_line (start -3.205 2.77) (end -2.205 3.77) (layer B.Fab) (width 0.12))
    (fp_line (start -3.315 -14.08) (end 12.205 -14.08) (layer B.SilkS) (width 0.12))
    (fp_line (start 12.205 3.88) (end 12.205 -14.08) (layer B.SilkS) (width 0.12))
    (fp_line (start 12.205 3.88) (end -3.315 3.88) (layer B.SilkS) (width 0.12))
    (fp_line (start -3.315 3.88) (end -3.315 -14.08) (layer B.SilkS) (width 0.12))
    (fp_line (start -3.71 4.27) (end 12.6 4.27) (layer B.CrtYd) (width 0.05))
    (fp_line (start -3.71 4.27) (end -3.71 -14.47) (layer B.CrtYd) (width 0.05))
    (fp_line (start 12.6 -14.47) (end 12.6 4.27) (layer B.CrtYd) (width 0.05))
    (fp_line (start 12.6 -14.47) (end -3.71 -14.47) (layer B.CrtYd) (width 0.05))
    (pad 8 thru_hole circle (at 8.89 2.54 270) (size 1.5 1.5) (drill 0.76) (layers *.Cu *.Mask)
      (net 4 "Net-(J2-Pad8)"))
    (pad 7 thru_hole circle (at 7.62 0 270) (size 1.5 1.5) (drill 0.76) (layers *.Cu *.Mask)
      (net 5 "Net-(J2-Pad7)"))
    (pad 6 thru_hole circle (at 6.35 2.54 270) (size 1.5 1.5) (drill 0.76) (layers *.Cu *.Mask)
      (net 6 "Net-(J2-Pad6)"))
    (pad 5 thru_hole circle (at 5.08 0 270) (size 1.5 1.5) (drill 0.76) (layers *.Cu *.Mask)
      (net 7 "Net-(J2-Pad5)"))
    (pad 4 thru_hole circle (at 3.81 2.54 270) (size 1.5 1.5) (drill 0.76) (layers *.Cu *.Mask)
      (net 8 /VIN))
    (pad 3 thru_hole circle (at 2.54 0 270) (size 1.5 1.5) (drill 0.76) (layers *.Cu *.Mask)
      (net 2 GND))
    (pad 2 thru_hole circle (at 1.27 2.54 270) (size 1.5 1.5) (drill 0.76) (layers *.Cu *.Mask)
      (net 9 /CANL))
    (pad 1 thru_hole rect (at 0 0 270) (size 1.5 1.5) (drill 0.76) (layers *.Cu *.Mask)
      (net 10 /CANH))
    (pad "" np_thru_hole circle (at -1.27 -6.35 270) (size 3.2 3.2) (drill 3.2) (layers *.Cu *.Mask))
    (pad "" np_thru_hole circle (at 10.16 -6.35 270) (size 3.2 3.2) (drill 3.2) (layers *.Cu *.Mask))
    (model ${KISYS3DMOD}/Connector_RJ.3dshapes/RJ45_Amphenol_54602-x08_Horizontal.wrl
      (at (xyz 0 0 0))
      (scale (xyz 1 1 1))
      (rotate (xyz 0 0 0))
    )
  )

  (module Capacitor_SMD:C_0805_2012Metric (layer F.Cu) (tedit 5F68FEEE) (tstamp 6129DA3C)
    (at 203.4 115.8 270)
    (descr "Capacitor SMD 0805 (2012 Metric), square (rectangular) end terminal, IPC_7351 nominal, (Body size source: IPC-SM-782 page 76, https://www.pcb-3d.com/wordpress/wp-content/uploads/ipc-sm-782a_amendment_1_and_2.pdf, https://docs.google.com/spreadsheets/d/1BsfQQcO9C6DZCsRaXUlFlo91Tg2WpOkGARC1WS5S8t0/edit?usp=sharing), generated with kicad-footprint-generator")
    (tags capacitor)
    (path /612BADB4)
    (attr smd)
    (fp_text reference C1 (at 0 -1.68 90) (layer F.SilkS)
      (effects (font (size 1 1) (thickness 0.15)))
    )
    (fp_text value 0.1u (at 0 1.68 90) (layer F.Fab)
      (effects (font (size 1 1) (thickness 0.15)))
    )
    (fp_line (start 1.7 0.98) (end -1.7 0.98) (layer F.CrtYd) (width 0.05))
    (fp_line (start 1.7 -0.98) (end 1.7 0.98) (layer F.CrtYd) (width 0.05))
    (fp_line (start -1.7 -0.98) (end 1.7 -0.98) (layer F.CrtYd) (width 0.05))
    (fp_line (start -1.7 0.98) (end -1.7 -0.98) (layer F.CrtYd) (width 0.05))
    (fp_line (start -0.261252 0.735) (end 0.261252 0.735) (layer F.SilkS) (width 0.12))
    (fp_line (start -0.261252 -0.735) (end 0.261252 -0.735) (layer F.SilkS) (width 0.12))
    (fp_line (start 1 0.625) (end -1 0.625) (layer F.Fab) (width 0.1))
    (fp_line (start 1 -0.625) (end 1 0.625) (layer F.Fab) (width 0.1))
    (fp_line (start -1 -0.625) (end 1 -0.625) (layer F.Fab) (width 0.1))
    (fp_line (start -1 0.625) (end -1 -0.625) (layer F.Fab) (width 0.1))
    (fp_text user %R (at 0 0 90) (layer F.Fab)
      (effects (font (size 0.5 0.5) (thickness 0.08)))
    )
    (pad 1 smd roundrect (at -0.95 0 270) (size 1 1.45) (layers F.Cu F.Paste F.Mask) (roundrect_rratio 0.25)
      (net 1 VDD))
    (pad 2 smd roundrect (at 0.95 0 270) (size 1 1.45) (layers F.Cu F.Paste F.Mask) (roundrect_rratio 0.25)
      (net 2 GND))
    (model ${KISYS3DMOD}/Capacitor_SMD.3dshapes/C_0805_2012Metric.wrl
      (at (xyz 0 0 0))
      (scale (xyz 1 1 1))
      (rotate (xyz 0 0 0))
    )
  )

  (module Capacitor_SMD:C_0805_2012Metric (layer F.Cu) (tedit 5F68FEEE) (tstamp 61293E43)
    (at 203.4 112.4 90)
    (descr "Capacitor SMD 0805 (2012 Metric), square (rectangular) end terminal, IPC_7351 nominal, (Body size source: IPC-SM-782 page 76, https://www.pcb-3d.com/wordpress/wp-content/uploads/ipc-sm-782a_amendment_1_and_2.pdf, https://docs.google.com/spreadsheets/d/1BsfQQcO9C6DZCsRaXUlFlo91Tg2WpOkGARC1WS5S8t0/edit?usp=sharing), generated with kicad-footprint-generator")
    (tags capacitor)
    (path /612A6E7A)
    (attr smd)
    (fp_text reference C2 (at -2.4 0 180) (layer F.SilkS)
      (effects (font (size 1 1) (thickness 0.15)))
    )
    (fp_text value 10u (at 0 1.68 90) (layer F.Fab)
      (effects (font (size 1 1) (thickness 0.15)))
    )
    (fp_text user %R (at 0 0 90) (layer F.Fab)
      (effects (font (size 0.5 0.5) (thickness 0.08)))
    )
    (fp_line (start -1 0.625) (end -1 -0.625) (layer F.Fab) (width 0.1))
    (fp_line (start -1 -0.625) (end 1 -0.625) (layer F.Fab) (width 0.1))
    (fp_line (start 1 -0.625) (end 1 0.625) (layer F.Fab) (width 0.1))
    (fp_line (start 1 0.625) (end -1 0.625) (layer F.Fab) (width 0.1))
    (fp_line (start -0.261252 -0.735) (end 0.261252 -0.735) (layer F.SilkS) (width 0.12))
    (fp_line (start -0.261252 0.735) (end 0.261252 0.735) (layer F.SilkS) (width 0.12))
    (fp_line (start -1.7 0.98) (end -1.7 -0.98) (layer F.CrtYd) (width 0.05))
    (fp_line (start -1.7 -0.98) (end 1.7 -0.98) (layer F.CrtYd) (width 0.05))
    (fp_line (start 1.7 -0.98) (end 1.7 0.98) (layer F.CrtYd) (width 0.05))
    (fp_line (start 1.7 0.98) (end -1.7 0.98) (layer F.CrtYd) (width 0.05))
    (pad 2 smd roundrect (at 0.95 0 90) (size 1 1.45) (layers F.Cu F.Paste F.Mask) (roundrect_rratio 0.25)
      (net 2 GND))
    (pad 1 smd roundrect (at -0.95 0 90) (size 1 1.45) (layers F.Cu F.Paste F.Mask) (roundrect_rratio 0.25)
      (net 1 VDD))
    (model ${KISYS3DMOD}/Capacitor_SMD.3dshapes/C_0805_2012Metric.wrl
      (at (xyz 0 0 0))
      (scale (xyz 1 1 1))
      (rotate (xyz 0 0 0))
    )
  )

  (module Connector_PinHeader_2.54mm:PinHeader_1x02_P2.54mm_Vertical (layer B.Cu) (tedit 59FED5CC) (tstamp 6129C370)
    (at 197.4 101.4 270)
    (descr "Through hole straight pin header, 1x02, 2.54mm pitch, single row")
    (tags "Through hole pin header THT 1x02 2.54mm single row")
    (path /6132A6A7)
    (fp_text reference TERM (at 2.2 -1.2 180) (layer B.SilkS)
      (effects (font (size 1 1) (thickness 0.15)) (justify mirror))
    )
    (fp_text value Jumper (at 0 -4.87 90) (layer B.Fab)
      (effects (font (size 1 1) (thickness 0.15)) (justify mirror))
    )
    (fp_line (start 1.8 1.8) (end -1.8 1.8) (layer B.CrtYd) (width 0.05))
    (fp_line (start 1.8 -4.35) (end 1.8 1.8) (layer B.CrtYd) (width 0.05))
    (fp_line (start -1.8 -4.35) (end 1.8 -4.35) (layer B.CrtYd) (width 0.05))
    (fp_line (start -1.8 1.8) (end -1.8 -4.35) (layer B.CrtYd) (width 0.05))
    (fp_line (start -1.33 1.33) (end 0 1.33) (layer B.SilkS) (width 0.12))
    (fp_line (start -1.33 0) (end -1.33 1.33) (layer B.SilkS) (width 0.12))
    (fp_line (start -1.33 -1.27) (end 1.33 -1.27) (layer B.SilkS) (width 0.12))
    (fp_line (start 1.33 -1.27) (end 1.33 -3.87) (layer B.SilkS) (width 0.12))
    (fp_line (start -1.33 -1.27) (end -1.33 -3.87) (layer B.SilkS) (width 0.12))
    (fp_line (start -1.33 -3.87) (end 1.33 -3.87) (layer B.SilkS) (width 0.12))
    (fp_line (start -1.27 0.635) (end -0.635 1.27) (layer B.Fab) (width 0.1))
    (fp_line (start -1.27 -3.81) (end -1.27 0.635) (layer B.Fab) (width 0.1))
    (fp_line (start 1.27 -3.81) (end -1.27 -3.81) (layer B.Fab) (width 0.1))
    (fp_line (start 1.27 1.27) (end 1.27 -3.81) (layer B.Fab) (width 0.1))
    (fp_line (start -0.635 1.27) (end 1.27 1.27) (layer B.Fab) (width 0.1))
    (fp_text user %R (at 0 -1.27 180) (layer B.Fab)
      (effects (font (size 1 1) (thickness 0.15)) (justify mirror))
    )
    (pad 1 thru_hole rect (at 0 0 270) (size 1.7 1.7) (drill 1) (layers *.Cu *.Mask)
      (net 10 /CANH))
    (pad 2 thru_hole oval (at 0 -2.54 270) (size 1.7 1.7) (drill 1) (layers *.Cu *.Mask)
      (net 11 "Net-(JP1-Pad2)"))
    (model ${KISYS3DMOD}/Connector_PinHeader_2.54mm.3dshapes/PinHeader_1x02_P2.54mm_Vertical.wrl
      (at (xyz 0 0 0))
      (scale (xyz 1 1 1))
      (rotate (xyz 0 0 0))
    )
  )

  (module Resistor_SMD:R_0805_2012Metric (layer F.Cu) (tedit 5F68FEEE) (tstamp 612940A3)
    (at 184.0875 82)
    (descr "Resistor SMD 0805 (2012 Metric), square (rectangular) end terminal, IPC_7351 nominal, (Body size source: IPC-SM-782 page 72, https://www.pcb-3d.com/wordpress/wp-content/uploads/ipc-sm-782a_amendment_1_and_2.pdf), generated with kicad-footprint-generator")
    (tags resistor)
    (path /61298FB1)
    (attr smd)
    (fp_text reference R2 (at -2.8875 0) (layer F.SilkS)
      (effects (font (size 1 1) (thickness 0.15)))
    )
    (fp_text value 220 (at 0 1.65) (layer F.Fab)
      (effects (font (size 1 1) (thickness 0.15)))
    )
    (fp_line (start 1.68 0.95) (end -1.68 0.95) (layer F.CrtYd) (width 0.05))
    (fp_line (start 1.68 -0.95) (end 1.68 0.95) (layer F.CrtYd) (width 0.05))
    (fp_line (start -1.68 -0.95) (end 1.68 -0.95) (layer F.CrtYd) (width 0.05))
    (fp_line (start -1.68 0.95) (end -1.68 -0.95) (layer F.CrtYd) (width 0.05))
    (fp_line (start -0.227064 0.735) (end 0.227064 0.735) (layer F.SilkS) (width 0.12))
    (fp_line (start -0.227064 -0.735) (end 0.227064 -0.735) (layer F.SilkS) (width 0.12))
    (fp_line (start 1 0.625) (end -1 0.625) (layer F.Fab) (width 0.1))
    (fp_line (start 1 -0.625) (end 1 0.625) (layer F.Fab) (width 0.1))
    (fp_line (start -1 -0.625) (end 1 -0.625) (layer F.Fab) (width 0.1))
    (fp_line (start -1 0.625) (end -1 -0.625) (layer F.Fab) (width 0.1))
    (fp_text user %R (at 0 0) (layer F.Fab)
      (effects (font (size 0.5 0.5) (thickness 0.08)))
    )
    (pad 1 smd roundrect (at -0.9125 0) (size 1.025 1.4) (layers F.Cu F.Paste F.Mask) (roundrect_rratio 0.243902)
      (net 12 /LED1))
    (pad 2 smd roundrect (at 0.9125 0) (size 1.025 1.4) (layers F.Cu F.Paste F.Mask) (roundrect_rratio 0.243902)
      (net 13 "Net-(R2-Pad2)"))
    (model ${KISYS3DMOD}/Resistor_SMD.3dshapes/R_0805_2012Metric.wrl
      (at (xyz 0 0 0))
      (scale (xyz 1 1 1))
      (rotate (xyz 0 0 0))
    )
  )

  (module Resistor_SMD:R_0805_2012Metric (layer F.Cu) (tedit 5F68FEEE) (tstamp 6129C04F)
    (at 215.5875 82.5 180)
    (descr "Resistor SMD 0805 (2012 Metric), square (rectangular) end terminal, IPC_7351 nominal, (Body size source: IPC-SM-782 page 72, https://www.pcb-3d.com/wordpress/wp-content/uploads/ipc-sm-782a_amendment_1_and_2.pdf), generated with kicad-footprint-generator")
    (tags resistor)
    (path /613C57F3)
    (attr smd)
    (fp_text reference R3 (at -2.6125 -0.1) (layer F.SilkS)
      (effects (font (size 1 1) (thickness 0.15)))
    )
    (fp_text value 220 (at 0 1.65) (layer F.Fab)
      (effects (font (size 1 1) (thickness 0.15)))
    )
    (fp_text user %R (at 0 0) (layer F.Fab)
      (effects (font (size 0.5 0.5) (thickness 0.08)))
    )
    (fp_line (start -1 0.625) (end -1 -0.625) (layer F.Fab) (width 0.1))
    (fp_line (start -1 -0.625) (end 1 -0.625) (layer F.Fab) (width 0.1))
    (fp_line (start 1 -0.625) (end 1 0.625) (layer F.Fab) (width 0.1))
    (fp_line (start 1 0.625) (end -1 0.625) (layer F.Fab) (width 0.1))
    (fp_line (start -0.227064 -0.735) (end 0.227064 -0.735) (layer F.SilkS) (width 0.12))
    (fp_line (start -0.227064 0.735) (end 0.227064 0.735) (layer F.SilkS) (width 0.12))
    (fp_line (start -1.68 0.95) (end -1.68 -0.95) (layer F.CrtYd) (width 0.05))
    (fp_line (start -1.68 -0.95) (end 1.68 -0.95) (layer F.CrtYd) (width 0.05))
    (fp_line (start 1.68 -0.95) (end 1.68 0.95) (layer F.CrtYd) (width 0.05))
    (fp_line (start 1.68 0.95) (end -1.68 0.95) (layer F.CrtYd) (width 0.05))
    (pad 2 smd roundrect (at 0.9125 0 180) (size 1.025 1.4) (layers F.Cu F.Paste F.Mask) (roundrect_rratio 0.243902)
      (net 14 "Net-(R3-Pad2)"))
    (pad 1 smd roundrect (at -0.9125 0 180) (size 1.025 1.4) (layers F.Cu F.Paste F.Mask) (roundrect_rratio 0.243902)
      (net 15 /LED2))
    (model ${KISYS3DMOD}/Resistor_SMD.3dshapes/R_0805_2012Metric.wrl
      (at (xyz 0 0 0))
      (scale (xyz 1 1 1))
      (rotate (xyz 0 0 0))
    )
  )

  (module Resistor_SMD:R_0805_2012Metric (layer F.Cu) (tedit 5F68FEEE) (tstamp 612915A0)
    (at 184.8 107)
    (descr "Resistor SMD 0805 (2012 Metric), square (rectangular) end terminal, IPC_7351 nominal, (Body size source: IPC-SM-782 page 72, https://www.pcb-3d.com/wordpress/wp-content/uploads/ipc-sm-782a_amendment_1_and_2.pdf), generated with kicad-footprint-generator")
    (tags resistor)
    (path /613D067A)
    (attr smd)
    (fp_text reference R4 (at -2.8 0) (layer F.SilkS)
      (effects (font (size 1 1) (thickness 0.15)))
    )
    (fp_text value 220 (at 0 1.65) (layer F.Fab)
      (effects (font (size 1 1) (thickness 0.15)))
    )
    (fp_line (start 1.68 0.95) (end -1.68 0.95) (layer F.CrtYd) (width 0.05))
    (fp_line (start 1.68 -0.95) (end 1.68 0.95) (layer F.CrtYd) (width 0.05))
    (fp_line (start -1.68 -0.95) (end 1.68 -0.95) (layer F.CrtYd) (width 0.05))
    (fp_line (start -1.68 0.95) (end -1.68 -0.95) (layer F.CrtYd) (width 0.05))
    (fp_line (start -0.227064 0.735) (end 0.227064 0.735) (layer F.SilkS) (width 0.12))
    (fp_line (start -0.227064 -0.735) (end 0.227064 -0.735) (layer F.SilkS) (width 0.12))
    (fp_line (start 1 0.625) (end -1 0.625) (layer F.Fab) (width 0.1))
    (fp_line (start 1 -0.625) (end 1 0.625) (layer F.Fab) (width 0.1))
    (fp_line (start -1 -0.625) (end 1 -0.625) (layer F.Fab) (width 0.1))
    (fp_line (start -1 0.625) (end -1 -0.625) (layer F.Fab) (width 0.1))
    (fp_text user %R (at 0 0) (layer F.Fab)
      (effects (font (size 0.5 0.5) (thickness 0.08)))
    )
    (pad 1 smd roundrect (at -0.9125 0) (size 1.025 1.4) (layers F.Cu F.Paste F.Mask) (roundrect_rratio 0.243902)
      (net 16 /LED3))
    (pad 2 smd roundrect (at 0.9125 0) (size 1.025 1.4) (layers F.Cu F.Paste F.Mask) (roundrect_rratio 0.243902)
      (net 17 "Net-(R4-Pad2)"))
    (model ${KISYS3DMOD}/Resistor_SMD.3dshapes/R_0805_2012Metric.wrl
      (at (xyz 0 0 0))
      (scale (xyz 1 1 1))
      (rotate (xyz 0 0 0))
    )
  )

  (module Resistor_SMD:R_0805_2012Metric (layer F.Cu) (tedit 5F68FEEE) (tstamp 612915B1)
    (at 199 103.6 180)
    (descr "Resistor SMD 0805 (2012 Metric), square (rectangular) end terminal, IPC_7351 nominal, (Body size source: IPC-SM-782 page 72, https://www.pcb-3d.com/wordpress/wp-content/uploads/ipc-sm-782a_amendment_1_and_2.pdf), generated with kicad-footprint-generator")
    (tags resistor)
    (path /613297F4)
    (attr smd)
    (fp_text reference R5 (at 2.4 0 90) (layer F.SilkS)
      (effects (font (size 1 1) (thickness 0.15)))
    )
    (fp_text value 120 (at 0 1.65) (layer F.Fab)
      (effects (font (size 1 1) (thickness 0.15)))
    )
    (fp_text user %R (at 0 0) (layer F.Fab)
      (effects (font (size 0.5 0.5) (thickness 0.08)))
    )
    (fp_line (start -1 0.625) (end -1 -0.625) (layer F.Fab) (width 0.1))
    (fp_line (start -1 -0.625) (end 1 -0.625) (layer F.Fab) (width 0.1))
    (fp_line (start 1 -0.625) (end 1 0.625) (layer F.Fab) (width 0.1))
    (fp_line (start 1 0.625) (end -1 0.625) (layer F.Fab) (width 0.1))
    (fp_line (start -0.227064 -0.735) (end 0.227064 -0.735) (layer F.SilkS) (width 0.12))
    (fp_line (start -0.227064 0.735) (end 0.227064 0.735) (layer F.SilkS) (width 0.12))
    (fp_line (start -1.68 0.95) (end -1.68 -0.95) (layer F.CrtYd) (width 0.05))
    (fp_line (start -1.68 -0.95) (end 1.68 -0.95) (layer F.CrtYd) (width 0.05))
    (fp_line (start 1.68 -0.95) (end 1.68 0.95) (layer F.CrtYd) (width 0.05))
    (fp_line (start 1.68 0.95) (end -1.68 0.95) (layer F.CrtYd) (width 0.05))
    (pad 2 smd roundrect (at 0.9125 0 180) (size 1.025 1.4) (layers F.Cu F.Paste F.Mask) (roundrect_rratio 0.243902)
      (net 9 /CANL))
    (pad 1 smd roundrect (at -0.9125 0 180) (size 1.025 1.4) (layers F.Cu F.Paste F.Mask) (roundrect_rratio 0.243902)
      (net 11 "Net-(JP1-Pad2)"))
    (model ${KISYS3DMOD}/Resistor_SMD.3dshapes/R_0805_2012Metric.wrl
      (at (xyz 0 0 0))
      (scale (xyz 1 1 1))
      (rotate (xyz 0 0 0))
    )
  )

  (module Resistor_SMD:R_0805_2012Metric (layer F.Cu) (tedit 5F68FEEE) (tstamp 612915C2)
    (at 216 107 180)
    (descr "Resistor SMD 0805 (2012 Metric), square (rectangular) end terminal, IPC_7351 nominal, (Body size source: IPC-SM-782 page 72, https://www.pcb-3d.com/wordpress/wp-content/uploads/ipc-sm-782a_amendment_1_and_2.pdf), generated with kicad-footprint-generator")
    (tags resistor)
    (path /613D8C8C)
    (attr smd)
    (fp_text reference R6 (at -2.6 0) (layer F.SilkS)
      (effects (font (size 1 1) (thickness 0.15)))
    )
    (fp_text value 220 (at 0 1.65) (layer F.Fab)
      (effects (font (size 1 1) (thickness 0.15)))
    )
    (fp_line (start 1.68 0.95) (end -1.68 0.95) (layer F.CrtYd) (width 0.05))
    (fp_line (start 1.68 -0.95) (end 1.68 0.95) (layer F.CrtYd) (width 0.05))
    (fp_line (start -1.68 -0.95) (end 1.68 -0.95) (layer F.CrtYd) (width 0.05))
    (fp_line (start -1.68 0.95) (end -1.68 -0.95) (layer F.CrtYd) (width 0.05))
    (fp_line (start -0.227064 0.735) (end 0.227064 0.735) (layer F.SilkS) (width 0.12))
    (fp_line (start -0.227064 -0.735) (end 0.227064 -0.735) (layer F.SilkS) (width 0.12))
    (fp_line (start 1 0.625) (end -1 0.625) (layer F.Fab) (width 0.1))
    (fp_line (start 1 -0.625) (end 1 0.625) (layer F.Fab) (width 0.1))
    (fp_line (start -1 -0.625) (end 1 -0.625) (layer F.Fab) (width 0.1))
    (fp_line (start -1 0.625) (end -1 -0.625) (layer F.Fab) (width 0.1))
    (fp_text user %R (at 0 0) (layer F.Fab)
      (effects (font (size 0.5 0.5) (thickness 0.08)))
    )
    (pad 1 smd roundrect (at -0.9125 0 180) (size 1.025 1.4) (layers F.Cu F.Paste F.Mask) (roundrect_rratio 0.243902)
      (net 18 /LED4))
    (pad 2 smd roundrect (at 0.9125 0 180) (size 1.025 1.4) (layers F.Cu F.Paste F.Mask) (roundrect_rratio 0.243902)
      (net 19 "Net-(R6-Pad2)"))
    (model ${KISYS3DMOD}/Resistor_SMD.3dshapes/R_0805_2012Metric.wrl
      (at (xyz 0 0 0))
      (scale (xyz 1 1 1))
      (rotate (xyz 0 0 0))
    )
  )

  (module Resistor_SMD:R_0805_2012Metric (layer F.Cu) (tedit 5F68FEEE) (tstamp 612915D3)
    (at 184.0875 132)
    (descr "Resistor SMD 0805 (2012 Metric), square (rectangular) end terminal, IPC_7351 nominal, (Body size source: IPC-SM-782 page 72, https://www.pcb-3d.com/wordpress/wp-content/uploads/ipc-sm-782a_amendment_1_and_2.pdf), generated with kicad-footprint-generator")
    (tags resistor)
    (path /613E0458)
    (attr smd)
    (fp_text reference R7 (at -2.6875 0) (layer F.SilkS)
      (effects (font (size 1 1) (thickness 0.15)))
    )
    (fp_text value 220 (at 0 1.65) (layer F.Fab)
      (effects (font (size 1 1) (thickness 0.15)))
    )
    (fp_text user %R (at 0 0) (layer F.Fab)
      (effects (font (size 0.5 0.5) (thickness 0.08)))
    )
    (fp_line (start -1 0.625) (end -1 -0.625) (layer F.Fab) (width 0.1))
    (fp_line (start -1 -0.625) (end 1 -0.625) (layer F.Fab) (width 0.1))
    (fp_line (start 1 -0.625) (end 1 0.625) (layer F.Fab) (width 0.1))
    (fp_line (start 1 0.625) (end -1 0.625) (layer F.Fab) (width 0.1))
    (fp_line (start -0.227064 -0.735) (end 0.227064 -0.735) (layer F.SilkS) (width 0.12))
    (fp_line (start -0.227064 0.735) (end 0.227064 0.735) (layer F.SilkS) (width 0.12))
    (fp_line (start -1.68 0.95) (end -1.68 -0.95) (layer F.CrtYd) (width 0.05))
    (fp_line (start -1.68 -0.95) (end 1.68 -0.95) (layer F.CrtYd) (width 0.05))
    (fp_line (start 1.68 -0.95) (end 1.68 0.95) (layer F.CrtYd) (width 0.05))
    (fp_line (start 1.68 0.95) (end -1.68 0.95) (layer F.CrtYd) (width 0.05))
    (pad 2 smd roundrect (at 0.9125 0) (size 1.025 1.4) (layers F.Cu F.Paste F.Mask) (roundrect_rratio 0.243902)
      (net 20 "Net-(R7-Pad2)"))
    (pad 1 smd roundrect (at -0.9125 0) (size 1.025 1.4) (layers F.Cu F.Paste F.Mask) (roundrect_rratio 0.243902)
      (net 21 /LED5))
    (model ${KISYS3DMOD}/Resistor_SMD.3dshapes/R_0805_2012Metric.wrl
      (at (xyz 0 0 0))
      (scale (xyz 1 1 1))
      (rotate (xyz 0 0 0))
    )
  )

  (module Resistor_SMD:R_0805_2012Metric (layer F.Cu) (tedit 5F68FEEE) (tstamp 61292232)
    (at 216.0875 132 180)
    (descr "Resistor SMD 0805 (2012 Metric), square (rectangular) end terminal, IPC_7351 nominal, (Body size source: IPC-SM-782 page 72, https://www.pcb-3d.com/wordpress/wp-content/uploads/ipc-sm-782a_amendment_1_and_2.pdf), generated with kicad-footprint-generator")
    (tags resistor)
    (path /613EB756)
    (attr smd)
    (fp_text reference R8 (at -2.7125 0) (layer F.SilkS)
      (effects (font (size 1 1) (thickness 0.15)))
    )
    (fp_text value 220 (at 0 1.65) (layer F.Fab)
      (effects (font (size 1 1) (thickness 0.15)))
    )
    (fp_line (start 1.68 0.95) (end -1.68 0.95) (layer F.CrtYd) (width 0.05))
    (fp_line (start 1.68 -0.95) (end 1.68 0.95) (layer F.CrtYd) (width 0.05))
    (fp_line (start -1.68 -0.95) (end 1.68 -0.95) (layer F.CrtYd) (width 0.05))
    (fp_line (start -1.68 0.95) (end -1.68 -0.95) (layer F.CrtYd) (width 0.05))
    (fp_line (start -0.227064 0.735) (end 0.227064 0.735) (layer F.SilkS) (width 0.12))
    (fp_line (start -0.227064 -0.735) (end 0.227064 -0.735) (layer F.SilkS) (width 0.12))
    (fp_line (start 1 0.625) (end -1 0.625) (layer F.Fab) (width 0.1))
    (fp_line (start 1 -0.625) (end 1 0.625) (layer F.Fab) (width 0.1))
    (fp_line (start -1 -0.625) (end 1 -0.625) (layer F.Fab) (width 0.1))
    (fp_line (start -1 0.625) (end -1 -0.625) (layer F.Fab) (width 0.1))
    (fp_text user %R (at 0 0) (layer F.Fab)
      (effects (font (size 0.5 0.5) (thickness 0.08)))
    )
    (pad 1 smd roundrect (at -0.9125 0 180) (size 1.025 1.4) (layers F.Cu F.Paste F.Mask) (roundrect_rratio 0.243902)
      (net 22 /LED6))
    (pad 2 smd roundrect (at 0.9125 0 180) (size 1.025 1.4) (layers F.Cu F.Paste F.Mask) (roundrect_rratio 0.243902)
      (net 23 "Net-(R8-Pad2)"))
    (model ${KISYS3DMOD}/Resistor_SMD.3dshapes/R_0805_2012Metric.wrl
      (at (xyz 0 0 0))
      (scale (xyz 1 1 1))
      (rotate (xyz 0 0 0))
    )
  )

  (module "LightSwitch:12x12x7.3  LED Pushbutton" (layer F.Cu) (tedit 6128C0B6) (tstamp 612915FC)
    (at 187.5 75)
    (path /6128D45E)
    (fp_text reference SW1 (at -3.9 -6.8) (layer F.SilkS)
      (effects (font (size 1 1) (thickness 0.15)))
    )
    (fp_text value Pushbutton_LED (at 0 -0.5) (layer F.Fab)
      (effects (font (size 1 1) (thickness 0.15)))
    )
    (fp_line (start -5.85 5.85) (end -5.85 -5.85) (layer F.Fab) (width 0.12))
    (fp_line (start 5.85 5.85) (end -5.85 5.85) (layer F.Fab) (width 0.12))
    (fp_line (start 5.85 -5.85) (end 5.85 5.85) (layer F.Fab) (width 0.12))
    (fp_line (start -5.85 -5.85) (end 5.85 -5.85) (layer F.Fab) (width 0.12))
    (fp_line (start 6 -6) (end 6 -5) (layer F.SilkS) (width 0.12))
    (fp_line (start 6 -6) (end 5 -6) (layer F.SilkS) (width 0.12))
    (fp_line (start -5 6) (end -6 6) (layer F.SilkS) (width 0.12))
    (fp_line (start -6 6) (end -6 5) (layer F.SilkS) (width 0.12))
    (fp_line (start 6 5) (end 6 6) (layer F.SilkS) (width 0.12))
    (fp_line (start 6 6) (end 5 6) (layer F.SilkS) (width 0.12))
    (fp_line (start -6 -5) (end -6 -6) (layer F.SilkS) (width 0.12))
    (fp_line (start -6 -6) (end -5 -6) (layer F.SilkS) (width 0.12))
